,pred_forward,pred_backward,pred_lateral
true_forward,26,0,1
true_backward,3,12,0
true_lateral,4,2,13
